TGME49_274160	Tgond_TGME49_274160.P2944	100.000	525	0	0	1	525	1	525	0.0	1071
TGME49_274160	Tgond_TGME49_231840.P1426	25.943	424	255	19	33	427	453	846	1.04e-13	73.2
TGME49_274160	Tgond_TGME49_216380.P883	27.358	106	68	4	218	316	1314	1417	1.1	31.2
TGME49_274160	Tgond_TGME49_213392.P790	28.507	221	109	9	8	218	1616	1797	1.5	30.8
TGME49_274160	Tgond_TGME49_213890.P812	29.897	97	54	3	62	155	368	453	1.8	30.4
TGME49_274160	Tgond_TGME49_207040.P602	35.714	56	32	2	3	54	1044	1099	2.6	30.0
TGME49_274160	Tgond_TGME49_313480.P3709	57.143	28	12	0	43	70	555	582	2.9	29.6
TGME49_274160	Tgond_TGME49_293220.P3278	35.714	70	30	3	370	439	1272	1326	3.1	29.6
TGME49_274160	Tgond_TGME49_251570-t26_1-p1	30.357	56	31	2	284	338	804	852	3.5	29.6
TGME49_274160	Tgond_TGME49_242890-t26_1-p1	25.472	106	62	3	235	334	1252	1346	3.6	29.6
TGME49_274160	Tgond_TGME49_223480.P1081	29.268	82	56	1	28	109	4699	4778	4.2	29.3
TGME49_274160	Tgond_TGME49_277930.P2990	33.766	77	42	3	14	83	1978	2052	5.9	28.9
TGME49_274160	Tgond_TGME49_218450-t26_1-p1	45.000	20	11	0	310	329	391	410	6.7	28.5
TGME49_274160	Tgond_TGME49_211890-t26_1-p1	29.487	78	47	3	445	519	77	149	7.2	28.5
TGME49_274160	Tgond_TGME49_233735.P1513	35.632	87	41	3	210	281	1335	1421	7.2	28.5
TGME49_274160	Tgond_TGME49_500258.P47	37.037	54	32	2	369	422	32	83	7.5	28.5
TGME49_274160	Tgond_TGME49_292950.P3269	29.592	98	58	4	7	104	403	489	9.5	28.1
TGME49_274160	Tgond_TGME49_240390.P1701	39.535	43	23	2	14	55	2138	2178	9.5	28.1
