TGME49_257370	Tgond_TGME49_257370.P2169	100.000	1116	0	0	1	1116	1	1116	0.0	2222
TGME49_257370	Tgond_TGME49_262150.P2397	25.150	334	204	13	28	342	139	445	3.63e-06	50.1
TGME49_257370	Tgond_TGME49_315210.P3759	36.364	110	54	5	174	272	765	869	0.004	40.4
TGME49_257370	Tgond_TGME49_242790.P1747	31.604	212	113	6	147	343	495	689	0.056	36.6
TGME49_257370	Tgond_TGME49_500222.P227	28.704	108	63	2	169	262	5451	5558	0.072	36.6
TGME49_257370	Tgond_TGME49_500222.P227	32.836	67	45	0	292	358	5166	5232	0.22	34.7
TGME49_257370	Tgond_TGME49_204380-t26_1-p1	30.612	196	104	7	201	377	2107	2289	0.13	35.4
TGME49_257370	Tgond_TGME49_500146.P150	34.074	135	60	6	212	335	3231	3347	0.17	35.0
TGME49_257370	Tgond_TGME49_500025.P28	27.891	147	86	5	243	381	4432	4566	0.28	34.7
TGME49_257370	Tgond_TGME49_500025.P28	38.750	80	45	2	296	374	4641	4717	2.9	31.2
TGME49_257370	Tgond_TGME49_500087.P388	30.303	132	84	2	207	330	313	444	0.42	33.5
TGME49_257370	Tgond_TGME49_318140.P3820	38.750	80	35	4	268	345	490	557	1.2	32.3
TGME49_257370	Tgond_TGME49_280770.P3055	26.752	157	95	5	216	354	1354	1508	1.6	32.0
TGME49_257370	Tgond_TGME49_218210.P931	37.143	70	38	2	193	260	640	705	2.0	31.6
TGME49_257370	Tgond_TGME49_295420-t26_1-p1	26.613	124	74	3	279	398	375	485	2.1	31.6
TGME49_257370	Tgond_TGME49_239300.P1669	31.373	153	80	6	117	246	990	1140	2.8	31.2
TGME49_257370	Tgond_TGME49_321410.P3894	32.692	156	90	6	206	353	1232	1380	3.7	30.8
TGME49_257370	Tgond_TGME49_500303.P93	23.913	184	122	8	193	367	5853	6027	3.7	30.8
TGME49_257370	Tgond_TGME49_500392.P291	33.929	56	37	0	198	253	705	760	3.7	30.8
TGME49_257370	Tgond_TGME49_314020-t26_1-p1	31.250	80	47	1	294	365	711	790	4.0	30.8
TGME49_257370	Tgond_TGME49_278870-t26_1-p1	24.859	177	109	6	205	360	1002	1175	4.1	30.8
TGME49_257370	Tgond_TGME49_229780.P1340	34.513	113	59	4	169	277	177	278	4.4	30.4
TGME49_257370	Tgond_TGME49_270660.P2776	31.356	118	75	4	191	306	603	716	4.6	30.4
TGME49_257370	Tgond_TGME49_294260.P3349	24.046	262	145	7	209	464	405	618	5.5	30.0
TGME49_257370	Tgond_TGME49_258710.P2237	26.744	86	59	1	545	626	1032	1117	7.1	29.6
TGME49_257370	Tgond_TGME49_288710-t26_1-p1	28.037	107	70	2	952	1057	197	297	7.3	29.6
TGME49_257370	Tgond_TGME49_310430-t26_1-p1	27.711	83	58	1	227	309	397	477	8.7	29.6
